0 0.310937 0.020319 0.309178 0.033344 0.303903 0.051578 0.297163 0.078149 0.287492 0.115661 0.305662 0.129728 0.311523 0.103157 0.322366 0.055226 0.327348 0.038553 0.327055 0.026571
0 0.277235 0.158383 0.291595 0.171408 0.288371 0.189642 0.288664 0.209961 0.290129 0.231322 0.294232 0.257372 0.305075 0.252683 0.322366 0.238095 0.339364 0.222465 0.360171 0.200583 0.371893 0.219339 0.355482 0.233406 0.339657 0.248515 0.318263 0.267271 0.302145 0.283942 0.296284 0.289674 0.288078 0.284464 0.281630 0.271960 0.277528 0.253204 0.272839 0.219339 0.271373 0.190163 0.272839 0.176097
0 0.251152 0.332916 0.260530 0.339168 0.268443 0.350109 0.267857 0.361571 0.265805 0.379806 0.263754 0.392831 0.261116 0.405856 0.261703 0.419922 0.265219 0.425653 0.276649 0.426695 0.284268 0.422006 0.293646 0.405335 0.299800 0.387100 0.302438 0.368344 0.306248 0.345420 0.313574 0.352714 0.326176 0.364697 0.322952 0.377722 0.320901 0.394394 0.317384 0.414192 0.312988 0.429822 0.304782 0.441283 0.286027 0.443888 0.270788 0.440241 0.254962 0.432947 0.242361 0.417838 0.239137 0.405856 0.243533 0.383974 0.247929 0.360008
0 0.222441 0.509580 0.225256 0.535609 0.222441 0.564642 0.219625 0.613698 0.223567 0.630717 0.243840 0.640729 0.262423 0.630717 0.281007 0.587669 0.304096 0.555632 0.283823 0.533607 0.277065 0.544619 0.256792 0.568647 0.256229 0.545621 0.250598 0.523596 0.238209 0.510581
0 0.364268 0.573063 0.374097 0.568951 0.383059 0.572549 0.395780 0.578717 0.402718 0.586426 0.398671 0.597219 0.396358 0.600303 0.394334 0.619833 0.394623 0.625487 0.401562 0.615208 0.415150 0.605956 0.424979 0.601844 0.434808 0.606470 0.442903 0.610068 0.454178 0.618806 0.459093 0.633710 0.461984 0.649128 0.466320 0.673799 0.468922 0.684592 0.476728 0.693329 0.483666 0.707720 0.489448 0.724167 0.478463 0.716457 0.471235 0.707720 0.462562 0.701038 0.451865 0.698983 0.445216 0.693329 0.437410 0.676369 0.432207 0.656324 0.428448 0.639878 0.424690 0.656324 0.418908 0.674826 0.409657 0.684078 0.395491 0.682536 0.378434 0.677910 0.367448 0.658380 0.365424 0.641419 0.363689 0.622403 0.366870 0.600303 0.371206 0.591051
0 0.372266 0.365278 0.375000 0.379167 0.369531 0.443056 0.373047 0.456250 0.383594 0.465278 0.409375 0.471528 0.421875 0.468750 0.430469 0.460417 0.434766 0.438889 0.433984 0.410417 0.436328 0.404167 0.437500 0.383333 0.440234 0.372917 0.440625 0.355556 0.439453 0.352778 0.435547 0.348611 0.421484 0.349306 0.420703 0.362500 0.422266 0.370139 0.416797 0.390278 0.413281 0.442361 0.408203 0.450694 0.401172 0.454861 0.392188 0.454167 0.389844 0.447222 0.389062 0.439583 0.391797 0.421528 0.390625 0.409028 0.392188 0.379167 0.385937 0.371528 0.375781 0.364583
0 0.525781 0.626389 0.524609 0.629861 0.525391 0.634028 0.533594 0.645139 0.536719 0.656944 0.535937 0.668056 0.538281 0.683333 0.538672 0.715972 0.541016 0.728472 0.546094 0.738194 0.560156 0.747917 0.582422 0.750694 0.588672 0.747917 0.596094 0.737500 0.601562 0.725000 0.606250 0.727083 0.612109 0.745139 0.621484 0.753472 0.646875 0.754861 0.646484 0.748611 0.631250 0.688889 0.625391 0.681250 0.606250 0.671528 0.593359 0.670833 0.589453 0.673611 0.579688 0.690278 0.570703 0.692361 0.569141 0.660417 0.564453 0.650000 0.544141 0.633333 0.530859 0.626389
0 0.542578 0.320833 0.541797 0.324306 0.544922 0.330556 0.556250 0.375694 0.562109 0.392361 0.567187 0.395833 0.574609 0.395833 0.591797 0.379167 0.596875 0.384028 0.601172 0.401389 0.608984 0.406250 0.616016 0.405556 0.619141 0.402083 0.649219 0.345139 0.642578 0.340278 0.633203 0.340972 0.612500 0.379167 0.608594 0.379167 0.600391 0.362500 0.589063 0.357639 0.573828 0.372222 0.569141 0.370139 0.557031 0.326389 0.550000 0.319444
0 0.432422 0.265278 0.429297 0.265278 0.436719 0.297917 0.437109 0.320833 0.446094 0.328472 0.461523 0.321528 0.465625 0.324306 0.467187 0.336806 0.473828 0.344444 0.480859 0.345833 0.484766 0.343056 0.509375 0.314583 0.513281 0.302083 0.512891 0.297222 0.508594 0.293056 0.500781 0.293056 0.492188 0.309722 0.481250 0.321528 0.477344 0.318056 0.473828 0.307639 0.467187 0.300694 0.452734 0.303472 0.450781 0.300000 0.449219 0.286111 0.446484 0.279861
0 0.498047 0.410417 0.497656 0.420139 0.500781 0.429167 0.501563 0.450694 0.499609 0.488889 0.504687 0.502778 0.515234 0.510417 0.535547 0.511111 0.547266 0.502778 0.555859 0.486806 0.562500 0.493056 0.558984 0.524306 0.560156 0.534722 0.573828 0.541667 0.588281 0.539583 0.587891 0.520833 0.589844 0.506944 0.588281 0.491667 0.590234 0.477083 0.585547 0.465278 0.571484 0.451389 0.554688 0.446528 0.544531 0.449306 0.534766 0.457639 0.533203 0.461806 0.530859 0.461111 0.530078 0.454861 0.523438 0.439583 0.507031 0.427778 0.505078 0.421528 0.505078 0.411806 0.508984 0.400000 0.509375 0.393056 0.506641 0.386806 0.501563 0.386111 0.499609 0.409028
