0 0.169645 0.659040 0.173191 0.683056 0.174586 0.697936 0.171795 0.733897 0.168307 0.778537 0.164818 0.812017 0.159236 0.829377 0.159934 0.841777 0.161329 0.847977 0.177377 0.852938 0.193424 0.847977 0.221333 0.819457 0.246451 0.778537 0.274359 0.728937 0.283430 0.704136 0.262498 0.679336 0.252032 0.689256 0.243660 0.702897 0.205286 0.772337 0.210867 0.727697 0.210170 0.690497 0.203890 0.663216 0.195518 0.655776 0.186447 0.650816 0.175284 0.650816
0 0.393669 0.709097 0.381110 0.757457 0.374831 0.788457 0.375529 0.838058 0.382505 0.876498 0.391576 0.890138 0.408321 0.885178 0.422973 0.890138 0.437625 0.876498 0.458557 0.802097 0.464138 0.793417 0.469023 0.807057 0.477395 0.861617 0.492047 0.897578 0.535305 0.903778 0.525537 0.874017 0.513676 0.833097 0.508095 0.789697 0.499722 0.764897 0.486465 0.756217 0.471813 0.750017 0.459254 0.748776 0.447393 0.756217 0.436230 0.767377 0.425764 0.787217 0.411810 0.824417 0.411810 0.802097 0.416694 0.773577 0.418787 0.750017 0.420182 0.736376 0.422973 0.721497
0 0.630582 0.798921 0.633684 0.833104 0.638568 0.880225 0.639963 0.912465 0.643452 0.948425 0.651127 0.960825 0.674151 0.963306 0.701362 0.959585 0.714619 0.950905 0.729968 0.909985 0.738341 0.882705 0.751598 0.943465 0.763459 0.962065 0.811601 0.954625 0.796252 0.927345 0.782995 0.866585 0.769041 0.831865 0.751598 0.820704 0.733457 0.820704 0.720200 0.826904 0.709735 0.844265 0.681129 0.909985 0.674151 0.841785 0.672756 0.805824 0.667872 0.790944 0.655313 0.782264 0.637172 0.771104 0.624613 0.764904 0.617636 0.763664 0.612054 0.777304 0.614845 0.788464 0.625311 0.798384
0 0.213658 0.425135 0.207379 0.462335 0.201797 0.499535 0.201099 0.524335 0.205286 0.533015 0.235985 0.546656 0.263894 0.540456 0.285523 0.526815 0.301570 0.492095 0.309943 0.441255 0.316223 0.406534 0.298082 0.400334 0.290407 0.444974 0.282034 0.484655 0.270173 0.508215 0.253428 0.520615 0.234590 0.520615 0.223426 0.516895 0.222729 0.502015 0.231101 0.451175 0.238776 0.397854 0.221333 0.385454
0 0.393669 0.405294 0.392274 0.440015 0.389483 0.479695 0.384599 0.509455 0.385994 0.539215 0.390878 0.554095 0.409716 0.552856 0.438323 0.552856 0.452277 0.546656 0.462743 0.526815 0.469023 0.503255 0.470418 0.457375 0.473907 0.409015 0.478093 0.365614 0.457859 0.363134 0.455766 0.396615 0.452975 0.441255 0.450882 0.483415 0.449486 0.506975 0.445998 0.518135 0.439021 0.528055 0.428555 0.531775 0.410414 0.534256 0.404832 0.531775 0.404135 0.516895 0.408321 0.471015 0.410414 0.407774
0 0.570889 0.464815 0.575075 0.490855 0.575075 0.513175 0.570889 0.545415 0.572284 0.572696 0.582053 0.587576 0.610659 0.582615 0.630195 0.570215 0.644149 0.540456 0.655313 0.504495 0.660895 0.500775 0.664383 0.511935 0.666476 0.530535 0.665081 0.562776 0.662290 0.616096 0.697873 0.608656 0.699269 0.570215 0.702757 0.533015 0.697176 0.494575 0.675546 0.475975 0.658802 0.472255 0.640661 0.477215 0.629497 0.492095 0.605077 0.556576 0.604380 0.537975 0.605775 0.489615 0.600891 0.468535
0 0.257257 0.139199 0.250637 0.173412 0.249939 0.208133 0.254823 0.250293 0.261801 0.312294 0.270871 0.313534 0.303664 0.285013 0.338550 0.246573 0.380412 0.193253 0.370645 0.179613 0.353202 0.204413 0.274359 0.288733 0.270173 0.251533 0.265987 0.211853 0.265987 0.180853 0.272964 0.148613
0 0.468325 0.258974 0.476000 0.277574 0.478791 0.311053 0.478093 0.330894 0.476697 0.333374 0.485768 0.334614 0.514374 0.311053 0.519956 0.345774 0.523445 0.349494 0.542283 0.340814 0.562516 0.313534 0.578564 0.282533 0.581355 0.268894 0.568796 0.262693 0.559028 0.297414 0.532515 0.330894 0.528329 0.306094 0.526235 0.289974 0.517863 0.287494 0.509490 0.292453 0.491349 0.311053 0.491349 0.281294 0.490652 0.268894 0.485070 0.260213 0.478791 0.255253
0 0.628800 0.302374 0.644847 0.351974 0.659499 0.399094 0.669965 0.396615 0.702060 0.351974 0.717410 0.390415 0.726480 0.396615 0.738341 0.387934 0.759273 0.345774 0.782995 0.292453 0.773227 0.287494 0.766250 0.301133 0.727178 0.376774 0.716014 0.342054 0.707641 0.329654 0.699269 0.332134 0.669965 0.378014 0.657406 0.334614 0.642754 0.294933
0 0.464288 0.086619 0.480884 0.141172 0.496234 0.191197 0.518561 0.178797 0.543678 0.151517 0.545073 0.137876 0.578564 0.177557 0.593914 0.202357 0.602286 0.204837 0.614845 0.192437 0.626706 0.158957 0.621125 0.151517 0.601589 0.180837 0.578564 0.154797 0.559028 0.131237 0.549957 0.120076 0.539492 0.125037 0.527631 0.148597 0.508095 0.169677 0.490652 0.121317 0.479488 0.081636
