0 0.309712 0.275112 0.309245 0.318494 0.322502 0.391654 0.334363 0.425135 0.342038 0.427615 0.379017 0.380494 0.418787 0.319734 0.407623 0.309814 0.340643 0.406534 0.329479 0.366854 0.320409 0.323453 0.321107 0.280053
0 0.329479 0.092813 0.315525 0.224253 0.335061 0.234173 0.344829 0.100252
0 0.499722 0.369334 0.510188 0.401574 0.514374 0.433815 0.513676 0.440015 0.522746 0.441255 0.540887 0.412735 0.551353 0.448694 0.563214 0.447455 0.587634 0.405294 0.590425 0.376774 0.580657 0.375534 0.575075 0.402815 0.559028 0.430094 0.547167 0.395374 0.524142 0.420174 0.516467 0.380494 0.506002 0.364374
0 0.306364 0.509239 0.307850 0.546656 0.305757 0.583856 0.306454 0.614856 0.309943 0.624776 0.335759 0.629736 0.351108 0.629736 0.374831 0.622296 0.383901 0.593776 0.388785 0.542935 0.388088 0.511935 0.372040 0.509455 0.370645 0.547895 0.369249 0.582615 0.360179 0.602456 0.350411 0.613616 0.331572 0.616096 0.322502 0.604935 0.319711 0.582615 0.321804 0.513175
0 0.452569 0.503286 0.455766 0.535495 0.457161 0.573935 0.459254 0.608656 0.462045 0.618576 0.467627 0.623536 0.488559 0.626016 0.511583 0.623536 0.522049 0.607416 0.524840 0.586335 0.520654 0.546656 0.519258 0.464815 0.501815 0.467294 0.503211 0.515655 0.508095 0.552856 0.509490 0.573935 0.508792 0.590056 0.506002 0.598735 0.497629 0.604935 0.485768 0.607416 0.473907 0.604935 0.471116 0.585096 0.471116 0.544175 0.467627 0.515655 0.465534 0.504495
0 0.611051 0.555865 0.612752 0.585096 0.616241 0.627256 0.619729 0.648336 0.639963 0.653296 0.659499 0.643376 0.668570 0.626016 0.673454 0.598735 0.676244 0.576415 0.678338 0.575176 0.686710 0.593776 0.687408 0.613616 0.687408 0.628496 0.690199 0.657016 0.692292 0.669416 0.695083 0.674376 0.720898 0.664456 0.717410 0.627256 0.713223 0.580135 0.704851 0.566495 0.691594 0.554095 0.679733 0.550375 0.667174 0.550375 0.657406 0.559056 0.653918 0.566495 0.649033 0.576415 0.646243 0.601216 0.641359 0.619816 0.637870 0.606176 0.638568 0.586335 0.636475 0.567735 0.634381 0.561535 0.629497 0.557815 0.623916 0.552856
0 0.301570 0.737617 0.308548 0.794657 0.312734 0.906258 0.339247 0.902537 0.356690 0.880217 0.379017 0.829377 0.397855 0.767377 0.374831 0.751257 0.339945 0.844258 0.338550 0.790937 0.335759 0.762417 0.332270 0.746297 0.320409 0.737617
0 0.483675 0.766137 0.482279 0.813257 0.485070 0.864097 0.500420 0.906258 0.522746 0.908738 0.538096 0.900058 0.546469 0.877738 0.549260 0.836817 0.552051 0.816977 0.566005 0.866578 0.581355 0.901298 0.593216 0.911218 0.614148 0.909978 0.618334 0.902537 0.603682 0.871537 0.591123 0.838058 0.579262 0.802097 0.563214 0.792177 0.547167 0.790937 0.530421 0.804577 0.519258 0.834337 0.515072 0.854178 0.511583 0.835577 0.512281 0.802097 0.512281 0.776057 0.503211 0.766137
0 0.632986 0.409015 0.669965 0.492095 0.680430 0.485895 0.697176 0.453655 0.718805 0.495815 0.728573 0.490855 0.756482 0.409015 0.746714 0.396615 0.720898 0.468535 0.700664 0.430094 0.694385 0.431335 0.674151 0.471015 0.644847 0.400334
0 0.683221 0.798377 0.706944 0.901298 0.716712 0.947178 0.730666 0.952138 0.749505 0.949658 0.768343 0.934778 0.778809 0.878978 0.794159 0.927338 0.806717 0.947178 0.840208 0.938498 0.817881 0.888898 0.808811 0.860378 0.796252 0.844258 0.779506 0.833097 0.760668 0.836817 0.738341 0.911218 0.732759 0.886417 0.722991 0.843017 0.717410 0.815738 0.698571 0.794657
0 0.478239 0.217572 0.515770 0.317253 0.526235 0.309814 0.553446 0.270133 0.601589 0.325934 0.610659 0.317253 0.619032 0.280053 0.609264 0.275094 0.600891 0.303614 0.580657 0.278813 0.551353 0.245333 0.518561 0.297414 0.489256 0.213093
