0 0.296686 0.802097 0.311339 0.847977 0.324595 0.916178 0.330177 0.967018 0.356690 0.962058 0.367854 0.939738 0.381808 0.893858 0.392971 0.829377 0.397855 0.784737 0.367156 0.787217 0.350411 0.893858 0.339247 0.821937 0.325991 0.797137
0 0.481581 0.752497 0.487861 0.784737 0.496234 0.855417 0.517165 0.893858 0.551353 0.876498 0.557632 0.843017 0.559726 0.781017 0.590425 0.851697 0.604380 0.861617 0.626706 0.847977 0.611357 0.815738 0.585541 0.757457 0.570191 0.751257 0.540189 0.766137 0.529724 0.788457 0.526235 0.844258 0.517863 0.824417 0.515072 0.759937 0.511583 0.747537
0 0.266685 0.529295 0.271569 0.578896 0.277848 0.624776 0.286918 0.658256 0.310641 0.665696 0.342736 0.647096 0.358783 0.622296 0.361574 0.571456 0.353899 0.495815 0.335061 0.502015 0.338550 0.549135 0.341340 0.593776 0.336456 0.623536 0.321107 0.647096 0.308548 0.652056 0.299477 0.645856 0.284128 0.530535
0 0.418089 0.473495 0.427857 0.514415 0.434834 0.560295 0.441114 0.595016 0.452975 0.601216 0.483675 0.588815 0.501118 0.572696 0.505304 0.545415 0.498327 0.498295 0.480186 0.395374 0.464138 0.407774 0.471116 0.452415 0.477395 0.490855 0.485768 0.526815 0.488559 0.549135 0.482279 0.572696 0.466929 0.586335 0.456464 0.588815 0.450184 0.564015 0.442509 0.499535 0.432741 0.464815
0 0.578564 0.469775 0.591123 0.489615 0.598100 0.531775 0.605077 0.560295 0.619032 0.566495 0.641359 0.551615 0.653220 0.525575 0.655313 0.464815 0.663686 0.472255 0.673454 0.508215 0.678338 0.554095 0.684617 0.572696 0.709037 0.557815 0.704153 0.529295 0.692292 0.469775 0.682524 0.454894 0.662988 0.444974 0.643452 0.452415 0.632986 0.467294 0.628800 0.508215 0.625311 0.534256 0.618334 0.505735 0.615543 0.480935 0.601589 0.456135
0 0.237380 0.294933 0.249242 0.335854 0.268080 0.381734 0.280639 0.417694 0.295989 0.420174 0.308548 0.385454 0.337154 0.314774 0.358783 0.251533 0.346922 0.242853 0.331572 0.282533 0.288314 0.397854 0.277150 0.365614 0.254126 0.307333 0.249939 0.255253 0.233194 0.256493
0 0.450882 0.291214 0.464138 0.320974 0.471813 0.353214 0.474604 0.364374 0.488559 0.358174 0.499722 0.327174 0.515072 0.360654 0.517165 0.364374 0.528329 0.360654 0.548562 0.293694 0.545771 0.266413 0.533212 0.268894 0.536003 0.288733 0.519258 0.344534 0.507397 0.309814 0.494140 0.309814 0.480884 0.338334 0.473209 0.307333 0.460650 0.285013
0 0.598100 0.293694 0.618334 0.332134 0.638568 0.373054 0.648336 0.369334 0.664383 0.318494 0.688803 0.359414 0.700664 0.355694 0.721596 0.247813 0.709037 0.246573 0.689501 0.338334 0.668570 0.299894 0.659499 0.299894 0.642056 0.351974 0.609264 0.289974 0.602286 0.278813
0 0.408321 0.108933 0.429253 0.149853 0.454370 0.208133 0.466232 0.203173 0.481581 0.178373 0.489954 0.139933 0.511583 0.158533 0.540189 0.188293 0.549957 0.201933 0.561819 0.183333 0.565307 0.137453 0.552051 0.141172 0.547864 0.180853 0.526235 0.153573 0.485768 0.126292 0.479488 0.126292 0.473209 0.167213 0.463441 0.190773 0.448091 0.162253 0.414600 0.101492
0 0.222031 0.013451 0.225520 0.061812 0.229705 0.141172 0.229705 0.180853 0.250637 0.180853 0.250637 0.136212 0.245055 0.050652 0.241567 0.017172 0.234590 0.010972
0 0.677640 0.727697 0.692292 0.736376 0.706246 0.788457 0.723689 0.845497 0.734852 0.860378 0.761366 0.846737 0.779506 0.829377 0.787181 0.769857 0.815788 0.828137 0.850673 0.809537 0.833928 0.787217 0.815788 0.743817 0.795554 0.722737 0.771134 0.725217 0.762063 0.732657 0.750202 0.812017 0.743923 0.797137 0.727178 0.750017 0.719503 0.720256 0.702757 0.714056 0.683919 0.715297
