0 0.219240 0.252774 0.226915 0.298653 0.254823 0.371814 0.269475 0.396615 0.280639 0.392894 0.306454 0.325934 0.335061 0.261453 0.323897 0.254013 0.302268 0.308574 0.272266 0.382974 0.255521 0.339574 0.240171 0.289974 0.233892 0.250293 0.218542 0.252774 0.218542 0.250293
0 0.424109 0.295945 0.434137 0.314774 0.441114 0.343294 0.445300 0.356934 0.457161 0.349494 0.468325 0.325934 0.480884 0.359414 0.490652 0.358174 0.503908 0.323453 0.510188 0.292453 0.508095 0.280053 0.499722 0.278813 0.499024 0.303614 0.486465 0.343294 0.473209 0.313534 0.466232 0.312294 0.450882 0.339574 0.443905 0.308574 0.431346 0.291214
0 0.556237 0.297414 0.582053 0.349494 0.595309 0.369334 0.603682 0.363134 0.614148 0.325934 0.635777 0.358174 0.645545 0.354454 0.654615 0.318494 0.663686 0.263933 0.653220 0.266413 0.639265 0.343294 0.621822 0.314774 0.617636 0.309814 0.609961 0.313534 0.598100 0.350734 0.572982 0.309814 0.563214 0.291214
0 0.543678 0.447455 0.554842 0.467294 0.560423 0.499535 0.569494 0.529295 0.585541 0.530535 0.603682 0.510695 0.611357 0.484655 0.614148 0.449935 0.624613 0.464815 0.631591 0.515655 0.637172 0.534256 0.661592 0.525575 0.655313 0.503255 0.644149 0.449935 0.636475 0.438774 0.620427 0.431335 0.607170 0.436294 0.592518 0.447455 0.589030 0.463575 0.586937 0.503255 0.583448 0.505735 0.575773 0.457375 0.565307 0.440015
0 0.394367 0.449935 0.409019 0.521855 0.418089 0.554095 0.443207 0.555335 0.467627 0.536735 0.476000 0.516895 0.465534 0.454894 0.451580 0.386694 0.435532 0.392894 0.447393 0.444974 0.456464 0.494575 0.461348 0.520615 0.455766 0.534256 0.440416 0.544175 0.432043 0.546656 0.422973 0.515655 0.415298 0.471015 0.407623 0.442494
0 0.254126 0.489615 0.258312 0.530535 0.264591 0.577656 0.270871 0.599976 0.289012 0.607416 0.325293 0.591296 0.339945 0.567735 0.340643 0.514415 0.332968 0.469775 0.316920 0.473495 0.319013 0.500775 0.323897 0.541695 0.320409 0.568976 0.307850 0.592535 0.291802 0.595016 0.282034 0.586335 0.273662 0.523095 0.266685 0.489615
0 0.281337 0.723983 0.296686 0.768624 0.309245 0.833104 0.313432 0.869065 0.315525 0.877744 0.338550 0.867824 0.358086 0.845504 0.368551 0.792184 0.376226 0.740103 0.376924 0.717783 0.351806 0.711583 0.332968 0.808304 0.322502 0.745064 0.309943 0.721503
0 0.455766 0.691743 0.463441 0.743824 0.476000 0.793424 0.491349 0.812024 0.519956 0.803344 0.528329 0.779784 0.529026 0.715303 0.549957 0.766144 0.570889 0.787224 0.596007 0.776064 0.576471 0.747544 0.556935 0.706624 0.547167 0.694224 0.534608 0.690503 0.512979 0.700424 0.502513 0.722744 0.499024 0.768624 0.491349 0.737624 0.485768 0.685543
0 0.632288 0.664463 0.651824 0.683063 0.667872 0.731424 0.681826 0.773584 0.697176 0.777304 0.719503 0.768624 0.730666 0.750024 0.734155 0.701663 0.754389 0.742584 0.762761 0.750024 0.789972 0.733903 0.776716 0.715303 0.754389 0.673143 0.739039 0.663223 0.724387 0.663223 0.714619 0.673143 0.702757 0.738864 0.699269 0.736384 0.686710 0.695463 0.675546 0.666943 0.667872 0.658263 0.639265 0.659503
0 0.209409 0.046983 0.212961 0.085372 0.215751 0.138692 0.216449 0.188293 0.235985 0.188293 0.234978 0.143390 0.230716 0.093126 0.230329 0.082799 0.225293 0.043540
