0 0.376563 0.068056 0.372266 0.069444 0.369141 0.075000 0.360938 0.095139 0.344922 0.126389 0.338281 0.143750 0.337891 0.147917 0.339453 0.150694 0.348047 0.159028 0.353516 0.161111 0.355859 0.159028 0.363281 0.143750 0.372656 0.118056 0.383594 0.094444 0.385547 0.086806 0.385937 0.080556 0.383984 0.073611 0.381250 0.070139 0.376953 0.068750
0 0.312500 0.154167 0.313672 0.165278 0.315625 0.168056 0.314844 0.171528 0.316797 0.186806 0.310156 0.213889 0.308594 0.252778 0.309375 0.279167 0.314063 0.288889 0.321094 0.293750 0.327344 0.293750 0.356250 0.277778 0.376953 0.269444 0.385156 0.263194 0.392969 0.260417 0.398828 0.254167 0.398828 0.247917 0.394531 0.238194 0.390234 0.236806 0.385156 0.242361 0.373828 0.249306 0.366016 0.251389 0.333594 0.270833 0.324219 0.272222 0.322656 0.268750 0.324219 0.260417 0.323047 0.238889 0.331641 0.201389 0.331641 0.194444 0.325000 0.175000 0.319531 0.168056 0.320703 0.164583 0.314844 0.154167
0 0.271875 0.328472 0.269922 0.331250 0.266797 0.345833 0.252734 0.386111 0.251563 0.393750 0.254297 0.401389 0.274609 0.419444 0.291406 0.427083 0.301563 0.427778 0.309375 0.425000 0.314063 0.421528 0.321094 0.410417 0.335547 0.377083 0.335938 0.368750 0.334375 0.365278 0.326172 0.354167 0.320703 0.352778 0.309375 0.384722 0.300781 0.400694 0.294141 0.407639 0.287109 0.410417 0.274609 0.409028 0.271094 0.404167 0.271484 0.390972 0.282813 0.365278 0.286719 0.349306 0.286719 0.341667 0.282813 0.335417 0.273047 0.328472
0 0.223047 0.469444 0.221094 0.472917 0.221484 0.484028 0.218750 0.503472 0.208594 0.546528 0.203125 0.560417 0.203125 0.564583 0.206250 0.570139 0.223047 0.581944 0.235547 0.581250 0.248438 0.572917 0.256250 0.563194 0.262891 0.559028 0.274219 0.542361 0.288672 0.529167 0.289062 0.522222 0.284375 0.515278 0.271484 0.508333 0.257812 0.518056 0.250000 0.527778 0.243750 0.530556 0.242969 0.521528 0.246484 0.505556 0.246094 0.487500 0.242188 0.480556 0.237500 0.476389 0.224609 0.469444
0 0.352734 0.563194 0.346484 0.566667 0.344922 0.581250 0.337500 0.600694 0.335156 0.611806 0.334766 0.629167 0.337109 0.640278 0.337500 0.650694 0.341797 0.656250 0.351562 0.660417 0.358594 0.666667 0.366797 0.668056 0.380859 0.654861 0.383203 0.647222 0.389844 0.635417 0.391406 0.635417 0.392578 0.636806 0.392188 0.640278 0.394531 0.650000 0.394922 0.665972 0.400000 0.687500 0.403516 0.692361 0.417969 0.702083 0.426172 0.719444 0.428516 0.721528 0.432031 0.720139 0.432812 0.709722 0.422656 0.681944 0.421094 0.665278 0.421484 0.654167 0.419922 0.646528 0.419922 0.631250 0.416016 0.620139 0.408203 0.611806 0.398047 0.604861 0.381250 0.605556 0.366016 0.616667 0.364453 0.613194 0.365234 0.606944 0.370312 0.593056 0.373828 0.587500 0.373828 0.582639 0.369531 0.573611 0.354687 0.563194
0 0.432031 0.379167 0.427734 0.381250 0.426953 0.397222 0.423438 0.402778 0.416016 0.425000 0.408984 0.458333 0.404297 0.464583 0.395703 0.468750 0.386328 0.465278 0.383203 0.459028 0.385156 0.447222 0.391016 0.434028 0.397266 0.397222 0.385937 0.383333 0.380078 0.381250 0.379297 0.384028 0.381250 0.392361 0.380859 0.399306 0.369531 0.435417 0.367969 0.444444 0.367188 0.456250 0.368750 0.463889 0.376172 0.470833 0.403125 0.484028 0.411719 0.484722 0.422656 0.478472 0.428906 0.463194 0.432812 0.438194 0.439844 0.415278 0.442578 0.410417 0.444141 0.400000 0.447266 0.390972 0.447266 0.387500 0.444531 0.383333 0.432422 0.379861
0 0.449219 0.308333 0.450391 0.340278 0.447656 0.354861 0.448047 0.361806 0.452734 0.366667 0.459766 0.370139 0.469531 0.366667 0.473828 0.368056 0.475000 0.372917 0.473438 0.376389 0.475000 0.383333 0.480859 0.390278 0.485938 0.392361 0.492969 0.390278 0.518359 0.371528 0.522656 0.365278 0.523438 0.359028 0.519922 0.352083 0.511328 0.350000 0.495703 0.365972 0.489063 0.367361 0.484766 0.356250 0.477734 0.347222 0.466797 0.348611 0.464844 0.342361 0.464062 0.326389 0.452734 0.310417 0.449609 0.308333
0 0.471875 0.206250 0.469141 0.208333 0.468750 0.212500 0.469531 0.225694 0.472266 0.238194 0.475000 0.261806 0.474219 0.275000 0.475391 0.279167 0.482812 0.283333 0.501563 0.281944 0.518750 0.272222 0.534766 0.300000 0.541016 0.317361 0.549219 0.324306 0.554297 0.322222 0.566016 0.306944 0.567187 0.300000 0.561328 0.291667 0.553906 0.293056 0.550391 0.302778 0.545703 0.302083 0.530078 0.273611 0.522656 0.256944 0.516016 0.250694 0.507812 0.251389 0.498437 0.263194 0.487891 0.263194 0.485547 0.259722 0.484766 0.254861 0.487891 0.243750 0.491406 0.244444 0.488281 0.243750 0.487891 0.240972 0.482812 0.234028 0.477734 0.209722 0.473828 0.206250
0 0.550000 0.382639 0.547266 0.386806 0.550000 0.397222 0.555078 0.445833 0.558984 0.456250 0.564063 0.460417 0.588672 0.450694 0.594141 0.472917 0.598047 0.477778 0.604297 0.479167 0.628906 0.456250 0.646094 0.435417 0.644531 0.428472 0.637109 0.422222 0.633203 0.421528 0.617578 0.441667 0.606641 0.452083 0.601953 0.452083 0.597266 0.437500 0.589063 0.427083 0.583984 0.427083 0.571484 0.436806 0.568359 0.436806 0.565625 0.430556 0.563672 0.409028 0.560547 0.393750 0.557031 0.386111 0.551953 0.382639
0 0.498047 0.431250 0.494141 0.448611 0.490625 0.455556 0.490234 0.463194 0.492578 0.470139 0.492578 0.474306 0.489844 0.496528 0.483594 0.519444 0.483594 0.529167 0.485156 0.536806 0.489453 0.543056 0.495703 0.547222 0.504687 0.550000 0.516406 0.550000 0.529297 0.543056 0.533203 0.543056 0.532031 0.538889 0.533594 0.535417 0.543359 0.527778 0.544531 0.534722 0.541016 0.539583 0.540625 0.546528 0.538672 0.550000 0.534766 0.566667 0.533594 0.577778 0.536328 0.584722 0.539453 0.587500 0.557031 0.592361 0.558203 0.588194 0.557813 0.578472 0.564063 0.563889 0.565625 0.550000 0.567578 0.546528 0.569531 0.536806 0.568750 0.529861 0.556641 0.507639 0.539844 0.497917 0.534375 0.497222 0.525781 0.500694 0.515234 0.509028 0.514844 0.496528 0.512891 0.486806 0.497656 0.470139 0.498437 0.456250 0.502344 0.449306 0.504297 0.441667 0.503516 0.435417 0.501563 0.431944 0.498437 0.431250
0 0.487109 0.652778 0.485938 0.654167 0.486328 0.665278 0.492969 0.677083 0.490625 0.693750 0.491016 0.706944 0.485547 0.742361 0.486719 0.754167 0.490625 0.762500 0.494922 0.766667 0.506250 0.769444 0.512109 0.773611 0.522656 0.774306 0.532031 0.768056 0.543750 0.752778 0.546484 0.759028 0.549609 0.781944 0.553516 0.789583 0.571094 0.796528 0.576172 0.795833 0.573438 0.758333 0.573438 0.738889 0.567969 0.722917 0.554297 0.711111 0.544922 0.709028 0.528516 0.722917 0.519141 0.734028 0.515625 0.735417 0.514062 0.722917 0.518359 0.699306 0.517578 0.681944 0.515234 0.677083 0.504687 0.665278 0.489844 0.652778
