0 0.341406 0.268750 0.324219 0.271528 0.323047 0.275694 0.340625 0.297917 0.358203 0.331250 0.405859 0.448611 0.421094 0.494444 0.425781 0.495139 0.443359 0.488889 0.446094 0.476389 0.443750 0.472222 0.437109 0.466667 0.408594 0.395139 0.404297 0.381250 0.396094 0.364583 0.387500 0.341667 0.359766 0.289583 0.347266 0.271528 0.343359 0.268750
0 0.437109 0.275000 0.424609 0.281250 0.422656 0.285417 0.423047 0.289583 0.440234 0.316667 0.454297 0.350000 0.472656 0.400000 0.478516 0.411806 0.484766 0.431250 0.487891 0.436111 0.507031 0.425000 0.508203 0.421528 0.505078 0.410417 0.493359 0.384028 0.488281 0.368056 0.478906 0.349306 0.473047 0.331250 0.460547 0.302083 0.446875 0.280556 0.440234 0.275000
0 0.546094 0.239583 0.535937 0.245833 0.534375 0.251389 0.566797 0.318056 0.574219 0.339583 0.581641 0.354167 0.584375 0.353472 0.584766 0.349306 0.582812 0.343750 0.583203 0.338194 0.592187 0.332639 0.592187 0.326389 0.583594 0.309722 0.581250 0.300694 0.558594 0.261111 0.550000 0.240972 0.547266 0.239583
0 0.615234 0.116667 0.601953 0.126389 0.600781 0.133333 0.607422 0.145139 0.618359 0.170833 0.646094 0.254861 0.652344 0.256250 0.664844 0.250000 0.667578 0.244444 0.666016 0.236111 0.654687 0.204167 0.650000 0.194444 0.628906 0.129167 0.624609 0.122222 0.616797 0.116667
0 0.562109 0.562500 0.557422 0.563889 0.550000 0.570139 0.546484 0.577778 0.549609 0.587500 0.560937 0.606944 0.613281 0.665972 0.633594 0.694444 0.653125 0.727083 0.657422 0.729861 0.662500 0.729167 0.663281 0.730556 0.660547 0.734028 0.663672 0.737500 0.663672 0.744444 0.664844 0.746528 0.671094 0.752778 0.675781 0.750694 0.678906 0.743750 0.678516 0.730556 0.675781 0.727083 0.669922 0.709722 0.662109 0.695833 0.646484 0.674306 0.633203 0.649306 0.623047 0.635417 0.615625 0.629167 0.595703 0.605556 0.580859 0.592361 0.569922 0.572917 0.567187 0.563889 0.564844 0.562500
0 0.757812 0.305556 0.755078 0.306250 0.750391 0.315972 0.748047 0.317361 0.747266 0.324306 0.757422 0.354167 0.758203 0.359722 0.761328 0.365972 0.767188 0.396528 0.768359 0.410417 0.771094 0.418056 0.775781 0.445833 0.778125 0.452083 0.787500 0.497917 0.790625 0.505556 0.789844 0.510417 0.771875 0.495833 0.759766 0.480556 0.750391 0.472917 0.733984 0.453472 0.724219 0.445833 0.688672 0.407639 0.678516 0.404167 0.670703 0.413889 0.670312 0.420139 0.675000 0.428472 0.732812 0.487500 0.747656 0.504861 0.760156 0.515278 0.768359 0.526389 0.778516 0.535417 0.795312 0.558333 0.801562 0.564583 0.804688 0.565278 0.814453 0.554861 0.817187 0.549306 0.814063 0.536111 0.814453 0.525000 0.805078 0.480556 0.800781 0.466667 0.793359 0.423611 0.783984 0.390972 0.782813 0.376389 0.781250 0.374306 0.779297 0.362500 0.766016 0.317361 0.758594 0.305556
0 0.670312 0.844444 0.662891 0.852083 0.654687 0.865972 0.655469 0.877083 0.658203 0.886806 0.659766 0.900694 0.662891 0.908333 0.666406 0.929167 0.670312 0.939583 0.673828 0.956944 0.677344 0.963889 0.685937 0.999306 0.702344 0.999306 0.699609 0.980556 0.674219 0.884028 0.670703 0.857639 0.673047 0.851389 0.672266 0.844444
0 0.559766 0.870139 0.557031 0.870833 0.552344 0.879861 0.551562 0.892361 0.553516 0.897222 0.563672 0.905556 0.582812 0.928472 0.603125 0.949306 0.612500 0.963194 0.627344 0.979167 0.637109 0.999306 0.664844 0.999306 0.664453 0.994444 0.654687 0.981944 0.650391 0.972222 0.640625 0.961111 0.636719 0.952778 0.625000 0.936806 0.616016 0.929167 0.592578 0.898611 0.576172 0.881250 0.560937 0.870139
0 0.827344 0.659722 0.822656 0.666667 0.820312 0.680556 0.820312 0.732639 0.826953 0.793750 0.829688 0.801389 0.834766 0.831250 0.839453 0.833333 0.852344 0.827778 0.859375 0.835417 0.862500 0.832639 0.864062 0.827083 0.855078 0.815972 0.849609 0.797222 0.844141 0.769444 0.841797 0.737500 0.837109 0.716667 0.837109 0.699306 0.839844 0.687500 0.839063 0.678472 0.835156 0.668750 0.828516 0.659722
0 0.836914 0.620833 0.827734 0.625694 0.822656 0.633333 0.820703 0.641667 0.823828 0.652778 0.833984 0.667361 0.841406 0.684722 0.851172 0.702083 0.855078 0.712500 0.872656 0.747222 0.879687 0.767361 0.882812 0.770833 0.887500 0.770833 0.892578 0.766667 0.900781 0.765972 0.901953 0.756250 0.893359 0.731944 0.865234 0.670139 0.853906 0.651389 0.846094 0.627083 0.839453 0.620833
