0 0.335451 0.536249 0.340550 0.561412 0.344725 0.592151 0.347111 0.643030 0.345321 0.686488 0.355461 0.691788 0.370371 0.694968 0.393631 0.673769 0.414505 0.619710 0.428223 0.582612 0.429415 0.563532 0.410927 0.553992 0.404366 0.555053 0.388859 0.591091 0.376335 0.632430 0.372160 0.588972 0.366792 0.557172 0.360232 0.537033
0 0.341415 0.311897 0.340223 0.337336 0.339626 0.383974 0.339626 0.407294 0.342012 0.422133 0.358115 0.432733 0.384954 0.434853 0.405231 0.429553 0.417756 0.404114 0.423124 0.363835 0.421931 0.317197 0.404635 0.317197 0.406424 0.355356 0.403442 0.386094 0.393900 0.412594 0.379586 0.422133 0.366464 0.422133 0.359904 0.416833 0.356922 0.400934 0.356922 0.348996 0.356326 0.315077
0 0.489325 0.322497 0.491114 0.355356 0.491711 0.408353 0.494693 0.428493 0.508411 0.439093 0.534056 0.436973 0.552545 0.428493 0.562087 0.408353 0.559105 0.352176 0.556123 0.280098 0.538231 0.290698 0.539424 0.327797 0.543599 0.381855 0.544195 0.405174 0.538827 0.418953 0.517357 0.426373 0.508411 0.420013 0.506621 0.380794 0.504236 0.323556
0 0.519146 0.573708 0.516164 0.622467 0.516760 0.662745 0.533460 0.700904 0.544195 0.703024 0.563280 0.700904 0.573419 0.690304 0.578787 0.666985 0.585944 0.626706 0.598469 0.678644 0.615168 0.710444 0.655128 0.711503 0.630675 0.674405 0.619939 0.635186 0.613379 0.607627 0.596083 0.603388 0.571034 0.603388 0.556123 0.628826 0.547773 0.658506 0.542406 0.629886 0.547773 0.583248
0 0.720891 0.621826 0.735205 0.700263 0.745940 0.752202 0.763236 0.756442 0.797232 0.750082 0.806774 0.735242 0.817510 0.696024 0.831823 0.741602 0.838980 0.753262 0.878344 0.749022 0.869397 0.737362 0.850312 0.687544 0.839577 0.666344 0.831823 0.656805 0.810949 0.650445 0.800810 0.651505 0.772182 0.722523 0.767411 0.696024 0.756676 0.647265 0.751308 0.625006 0.732819 0.614406
0 0.643716 0.368816 0.650514 0.388628 0.652304 0.404527 0.652304 0.421487 0.652304 0.436326 0.653496 0.447986 0.657671 0.461765 0.668407 0.462826 0.685703 0.460706 0.699420 0.453285 0.709964 0.435603 0.715001 0.408062 0.717713 0.399111 0.721974 0.397734 0.724686 0.403242 0.727786 0.419079 0.730110 0.434226 0.729335 0.448685 0.730110 0.464522 0.732434 0.478981 0.732434 0.487244 0.743282 0.486555 0.760716 0.484490 0.757229 0.465899 0.756842 0.436981 0.754517 0.414948 0.751805 0.397734 0.744057 0.387406 0.730498 0.377767 0.717325 0.375013 0.703766 0.377767 0.693693 0.390160 0.688656 0.402554 0.685170 0.427341 0.680521 0.439047 0.677034 0.434915 0.677421 0.405997 0.675097 0.383275 0.668123 0.370881 0.660375 0.367439
0 0.535627 0.184974 0.544150 0.198056 0.547249 0.208384 0.550348 0.228351 0.551511 0.246942 0.551898 0.250385 0.563908 0.249008 0.580954 0.227662 0.585216 0.246942 0.591802 0.263467 0.601100 0.262778 0.612335 0.244876 0.629769 0.215958 0.631319 0.193925 0.621633 0.192548 0.618534 0.211138 0.611173 0.229040 0.597613 0.248319 0.592189 0.227662 0.588315 0.215958 0.581729 0.212515 0.562358 0.231106 0.558871 0.208384 0.553448 0.188417 0.541825 0.179465
0 0.675484 0.224216 0.691756 0.260020 0.709577 0.306151 0.713064 0.307528 0.721974 0.303397 0.742120 0.271036 0.760329 0.308906 0.762653 0.311660 0.772726 0.308906 0.777375 0.295824 0.793259 0.252446 0.802945 0.222839 0.792484 0.221462 0.789385 0.231101 0.781249 0.256577 0.765365 0.294447 0.758391 0.277922 0.751030 0.260708 0.743670 0.255200 0.739408 0.253823 0.716550 0.292381 0.711127 0.274479 0.697954 0.242118 0.684395 0.215953
0 0.345918 0.078105 0.343593 0.107712 0.345143 0.133187 0.352504 0.171057 0.357927 0.196533 0.368775 0.230271 0.380785 0.233714 0.389308 0.217877 0.410616 0.188959 0.436573 0.152467 0.453232 0.126991 0.443934 0.112532 0.437348 0.126303 0.418364 0.153844 0.397444 0.186205 0.374586 0.213058 0.370325 0.197910 0.365676 0.177942 0.360252 0.152467 0.356765 0.131810 0.355215 0.098073 0.357152 0.085679
0 0.517058 0.025778 0.532554 0.064335 0.548051 0.107713 0.551538 0.122172 0.561223 0.115287 0.578270 0.104959 0.587180 0.088434 0.590667 0.076729 0.599578 0.084991 0.620886 0.107713 0.637932 0.131123 0.641419 0.138008 0.650329 0.134566 0.657303 0.121483 0.661564 0.093942 0.650329 0.094631 0.642581 0.119418 0.635220 0.109778 0.610038 0.082926 0.599190 0.070532 0.594154 0.062958 0.589892 0.061581 0.584468 0.063647 0.580207 0.069844 0.575170 0.087745 0.572458 0.091876 0.558511 0.104959 0.550763 0.081549 0.532554 0.037483 0.524031 0.020958
