0 0.319414 0.285192 0.313432 0.316014 0.316223 0.354454 0.323200 0.404054 0.328084 0.413974 0.335061 0.416454 0.381808 0.369334 0.413205 0.339574 0.405530 0.324694 0.377621 0.356934 0.332270 0.402815 0.327572 0.356880 0.326213 0.327882 0.326666 0.306940 0.330292 0.293247
0 0.291768 0.476092 0.288142 0.498645 0.282250 0.538114 0.278624 0.563084 0.287689 0.579194 0.314429 0.589665 0.334371 0.585638 0.345701 0.571944 0.355219 0.549391 0.357938 0.523615 0.362471 0.499451 0.348874 0.490590 0.344342 0.512338 0.340263 0.542142 0.331652 0.561473 0.320774 0.576777 0.308537 0.577583 0.297206 0.572750 0.293580 0.562278 0.298566 0.532476 0.304911 0.484952
0 0.422296 0.510727 0.419123 0.538919 0.415045 0.570333 0.413232 0.596915 0.417311 0.610608 0.438159 0.619468 0.459914 0.619468 0.472604 0.610608 0.476230 0.597720 0.477589 0.561473 0.481215 0.529253 0.483934 0.487368 0.468978 0.482535 0.467618 0.509922 0.465805 0.540531 0.463086 0.568722 0.462180 0.588054 0.460820 0.601747 0.451302 0.609802 0.440878 0.608997 0.430454 0.606580 0.426828 0.596915 0.430454 0.562278 0.433627 0.532476 0.434533 0.513949
0 0.259589 0.668607 0.260495 0.695994 0.260042 0.733851 0.254604 0.778153 0.251884 0.794263 0.252337 0.803124 0.272279 0.811984 0.289955 0.802318 0.308537 0.776542 0.326213 0.743517 0.337996 0.719353 0.340716 0.711298 0.319868 0.695188 0.283157 0.758822 0.287689 0.715326 0.282250 0.678273
0 0.416857 0.734657 0.409606 0.774931 0.406886 0.816011 0.411872 0.849036 0.425469 0.860313 0.445411 0.863535 0.458101 0.845008 0.467618 0.807151 0.470791 0.794263 0.479402 0.852258 0.492546 0.881256 0.523818 0.891727 0.512487 0.865951 0.504330 0.834537 0.501157 0.799096 0.492546 0.780569 0.465352 0.771710 0.442691 0.790235 0.433173 0.820039 0.432267 0.806345 0.435893 0.781375 0.441785 0.748350
0 0.580709 0.810244 0.580924 0.824075 0.592708 0.832130 0.593161 0.859517 0.594521 0.895767 0.597240 0.938458 0.610384 0.944902 0.642563 0.949735 0.657972 0.918321 0.664771 0.901406 0.675195 0.957790 0.709640 0.961012 0.700122 0.935236 0.692417 0.894962 0.682446 0.869186 0.670209 0.864353 0.655706 0.859520 0.641203 0.882074 0.623527 0.921542 0.622621 0.891740 0.619902 0.853076 0.618542 0.828106 0.599506 0.812802 0.581831 0.803942
0 0.551918 0.582424 0.556904 0.604172 0.553278 0.634781 0.553278 0.657334 0.564608 0.670222 0.594521 0.662972 0.605398 0.642030 0.614010 0.617865 0.618995 0.625115 0.620355 0.656528 0.616276 0.689553 0.617182 0.701636 0.642109 0.705663 0.640750 0.679887 0.644829 0.655723 0.643469 0.623503 0.634405 0.612227 0.624887 0.600950 0.612650 0.599339 0.601319 0.600950 0.590442 0.613838 0.576392 0.650890 0.574579 0.642030 0.578658 0.617060 0.576845 0.596923 0.571860 0.584035 0.562795 0.580813
0 0.599506 0.460786 0.611290 0.516365 0.618542 0.539724 0.628966 0.538919 0.649814 0.513143 0.661598 0.552612 0.670662 0.553417 0.687432 0.523615 0.707827 0.484145 0.699669 0.479313 0.665677 0.537308 0.656613 0.500255 0.648001 0.498644 0.624434 0.526836 0.605852 0.457565
0 0.479402 0.401986 0.483481 0.414874 0.485294 0.433400 0.484841 0.455148 0.484841 0.460786 0.490733 0.464814 0.512941 0.447899 0.517473 0.474480 0.523818 0.480924 0.544666 0.462397 0.559170 0.439844 0.560529 0.423734 0.553278 0.422928 0.545573 0.443066 0.525631 0.467231 0.519739 0.435011 0.513394 0.433400 0.495718 0.449510 0.495265 0.424540 0.490280 0.407624 0.483481 0.398764
0 0.353859 0.145344 0.356125 0.127624 0.367909 0.136483 0.370175 0.147760 0.361564 0.175147 0.352046 0.215422 0.347061 0.248447 0.330292 0.236364 0.342529 0.193673
